62.666666666666664
71.0
61.666666666666664
60.333333333333336
62.666666666666664
66.33333333333333
60.333333333333336
68.33333333333333
74.66666666666667
81.33333333333333
59.333333333333336
64.33333333333333
77.0
48.0
79.66666666666667
58.666666666666664
59.333333333333336
53.333333333333336
81.66666666666667
64.66666666666667
67.66666666666667
47.0
74.0
60.0
63.333333333333336
79.33333333333333
87.33333333333333
47.666666666666664
76.66666666666667
54.666666666666664
54.666666666666664
62.333333333333336
68.0
72.0
48.333333333333336
79.33333333333333
32.333333333333336
63.333333333333336
77.0
42.333333333333336
78.0
73.33333333333333
66.0
65.66666666666667
53.666666666666664
80.33333333333333
52.0
77.66666666666667
79.33333333333333
52.0
76.33333333333333
52.333333333333336
51.666666666666664
72.66666666666667
66.0
48.0
45.333333333333336
59.0
42.0
48.333333333333336
75.33333333333333
57.333333333333336
67.0
43.0
51.0
63.333333333333336
41.666666666666664
46.333333333333336
74.66666666666667
58.333333333333336
82.0
67.33333333333333
60.333333333333336
75.66666666666667
81.33333333333333
56.0
74.33333333333333
83.33333333333333
69.66666666666667
80.66666666666667
59.0
54.0
55.0
59.0
53.333333333333336
80.33333333333333
74.33333333333333
57.333333333333336
69.0
52.333333333333336
80.33333333333333
73.33333333333333
63.666666666666664
78.66666666666667
66.33333333333333
68.33333333333333
61.333333333333336
78.0
53.666666666666664
63.666666666666664
34.0
78.66666666666667
61.333333333333336
69.33333333333333
61.0
58.0
69.0
56.666666666666664
69.33333333333333
77.0
67.33333333333333
82.33333333333333
49.333333333333336
83.0
68.33333333333333
56.0
59.333333333333336
80.0
61.0
54.0
54.0
63.0
86.33333333333333
55.0
51.666666666666664
59.333333333333336
91.33333333333333
54.0
63.0
85.0
52.333333333333336
58.666666666666664
59.0
44.0
49.333333333333336
56.666666666666664
50.333333333333336
40.666666666666664
70.66666666666667
44.666666666666664
62.666666666666664
75.0
61.333333333333336
74.0
64.33333333333333
68.0
54.0
71.66666666666667
54.0
47.666666666666664
50.0
73.0
65.0
50.0
49.666666666666664
62.666666666666664
45.333333333333336
57.0
80.33333333333333
64.33333333333333
63.0
79.0
58.333333333333336
72.0
62.666666666666664
60.666666666666664
52.333333333333336
63.666666666666664
75.33333333333333
42.333333333333336
47.666666666666664
43.666666666666664
69.33333333333333
59.333333333333336
73.0
58.666666666666664
47.0
85.0
59.333333333333336
55.333333333333336
44.333333333333336
70.33333333333333
83.66666666666667
29.666666666666668
70.0
64.33333333333333
71.66666666666667
72.33333333333333
58.666666666666664
54.333333333333336
61.0
52.666666666666664
59.333333333333336
51.0
60.333333333333336
42.0
59.666666666666664
39.333333333333336
63.56060606060606 60.26767676767677 64.17676767676768